========================================================================
### septimo-x-cep-social-run: 1553 fotos aprobadas · 6667 caras indexadas
========================================================================

  CARAS FLACAS (<=5 fotos con el umbral actual 0.48): 4 de 30
  cara           0.62   0.55   0.50   0.48   0.45   0.40   0.35
  58555             1      1      1      3     19     74    117
  62197             2      2      3      3     10     29     55
  60710             1      2      3      4      5      5      6
  62029             4      4      5      5      5      7      8

  CARAS RICAS (>=30 fotos con 0.48): 22 de 30
  cara           0.62   0.55   0.50   0.48   0.45   0.40   0.35
  60705           109    128    135    135    136    141    144
  58161            72    102    118    126    134    138    143
  60701            15     60    111    120    132    141    144
  58512            96    115    118    119    127    132    137
  60814            39     84    109    118    122    134    141
  62356            61    100    113    116    118    126    132
  60658           104    109    111    111    112    112    113
  63496            54     85    105    109    120    126    132
  61585            86     99    104    106    106    109    115
  57343            79     91    100    102    105    109    114

  MEDIANA DE TODA LA MUESTRA
                 0.62   0.55   0.50   0.48   0.45   0.40   0.35
                   30     58     74     77     88     97    104

========================================================================
### surf-city-2026: 19505 fotos aprobadas · 38783 caras indexadas
========================================================================

  CARAS FLACAS (<=5 fotos con el umbral actual 0.48): 4 de 30
  cara           0.62   0.55   0.50   0.48   0.45   0.40   0.35
  47336             1      1      2      2      4     14     44
  22991             1      1      2      4     11     39    169
  13653             3      3      4      4      4      4      5
  42305             2      2      2      5      6      8     13

  CARAS RICAS (>=30 fotos con 0.48): 9 de 30
  cara           0.62   0.55   0.50   0.48   0.45   0.40   0.35
  24771            60     66     70     70     71     73     79
  49394            43     47     55     56     59     66     69
  48012            50     53     56     56     56     56     57
  18838            45     47     49     49     49     57     75
  21962            32     47     49     49     49     49     51
  15414            30     33     37     39     41     47     58
  51203            10     19     32     36     42     47     50
  25135             3     17     30     35     45     48     55
  43098            28     30     31     31     31     33     33

  MEDIANA DE TODA LA MUESTRA
                 0.62   0.55   0.50   0.48   0.45   0.40   0.35
                   10     16     19     22     24     32     43
